0 1 
2 0 
2 91 
3 2 
3 97 
4 3 
5 4 
6 5 
7 6 
8 7 
8 9 
8 10 
11 8 
12 13 
13 11 
14 12 
14 15 
16 14 
17 16 
18 17 
19 18 
20 19 
20 24 
20 21 
21 22 
21 23 
25 20 
26 25 
27 26 
28 27 
29 28 
29 30 
29 70 
31 29 
31 32 
33 31 
34 33 
35 34 
35 85 
36 35 
37 36 
38 37 
39 38 
39 40 
41 42 
42 39 
43 41 
44 43 
45 44 
46 45 
47 46 
48 47 
49 48 
50 49 
51 50 
52 51 
53 52 
54 53 
55 54 
56 55 
57 56 
58 57 
59 58 
60 59 
61 60 
62 61 
63 62 
64 63 
65 64 
66 65 
67 66 
68 67 
69 68 
71 69 
72 71 
73 72 
74 73 
75 74 
76 75 
77 76 
78 77 
79 78 
79 80 
81 79 
82 81 
83 82 
84 83 
84 86 
84 87 
88 84 
88 89 
89 117 
90 88 
90 119 
92 93 
93 95 
93 90 
94 92 
96 94 
96 98 
98 99 
100 96 
101 100 
102 101 
103 102 
103 104 
103 106 
103 107 
104 105 
108 103 
109 108 
110 109 
111 110 
112 111 
113 112 
114 113 
115 116 
116 114 
118 115 
120 118 
121 120 
122 121 
122 123 
122 125 
123 124 
126 122 
127 126 
127 130 
127 131 
128 129 
130 128 
132 127 
132 133 
134 135 
134 136 
135 132 
136 137 
137 139 
138 136 
139 140 
140 144 
141 142 
142 140 
143 140 
144 145 
145 146 
146 147 
147 148 
148 149 
149 150 
150 151 
151 152 
152 153 
153 155 
154 153 
155 156 
156 157 
157 158 
158 159 
159 160 
160 161 
161 162 
162 163 
163 165 
164 163 
165 172 
166 167 
167 168 
168 169 
169 170 
170 171 
171 175 
172 171 
173 174 
174 166 
175 178 
176 177 
177 175 
178 179 
179 180 
180 181 
182 161 
