95.6788 91.0547 39.7711 
90.3989 90.6778 34.359 
102.582 85.3635 40.0939 
106.101 90.5674 37.0938 
109.291 90.5542 33.3512 
105 87.9601 32.3886 
99.486 81.1456 34.8391 
97.5775 81.1528 39.3962 
92.0989 85.7799 33.0581 
91.8578 91.5433 34.8937 
97.8897 88.5272 34.7175 
85.3081 81.1996 40.192 
83.2565 81.1009 43.8265 
79.7722 75.2406 43.0588 
76.3632 83.6068 41.0584 
82.1354 89.3517 39.4288 
81.8496 82.5011 43.5763 
85.9484 75.7877 43.3473 
87.9199 79.6412 41.9054 
81.7752 83.1167 40.5807 
79.5103 86.7532 37.5083 
78.6002 93.6732 33.2373 
77.4303 95.2354 33.2843 
80.5823 98.3769 34.066 
83.2084 87.8131 43.1485 
78.3367 80.178 36.9428 
78.419 83.3109 33.7176 
78.4284 90.4813 36.7254 
81.6352 94.714 33.8545 
77.8625 99.9582 38.1977 
80.2299 98.7833 41.5347 
84.7196 97.99 39.9178 
88.4348 96.8231 38.748 
88.5642 98.3384 33.6643 
91.9106 96.7883 39.8519 
90.9463 95.238 41.6066 
93.8664 90.3654 38.7209 
86.7951 92.6701 36.7502 
81.8753 89.1431 42.2292 
77.6107 94.1105 38.4465 
77.6205 92.2778 39.9927 
77.6733 98.5043 35.3078 
75.633 95.1986 37.4223 
80.2419 97.6748 41.2183 
79.9075 98.0708 42.0813 
78.9931 97.2275 40.66 
84.1061 95.8932 35.0727 
91.1236 89.0049 34.6666 
83.8804 90.8562 39.8853 
86.5533 89.7003 32.6317 
80.8403 84.9011 32.6338 
83.5234 84.9309 36.4072 
83.4679 91.7107 43.1065 
80.9108 91.0571 39.6354 
79.35 90.1988 40.0217 
84.6438 85.7436 39.8651 
91.0818 91.803 42.1294 
97.0685 94.5871 43.5937 
99.8598 97.5134 40.4583 
106.453 104.284 39.417 
106.032 97.0851 40.5602 
111.511 94.8509 39.2257 
113.604 91.6682 40.6894 
107.666 95.4062 39.8314 
111.476 89.5819 33.8649 
118.188 85.6668 36.1796 
123.742 84.4093 34.2297 
121.635 85.8879 32.1872 
117.513 86.8889 33.0647 
121.112 93.9798 34.3658 
80.1507 96.6126 42.0798 
122.055 91.6387 41.2194 
123.424 86.9229 41.7987 
121.308 85.1696 35.717 
114.793 84.4 34.8155 
121.5 84.1892 35.1812 
120.346 81.9537 40.7337 
113.934 86.0887 38.4732 
111.23 84.6101 35.5716 
104.061 86.3296 38.6391 
110.689 88.4224 39.1407 
103.081 90.3947 41.8284 
104.136 88.3252 43.2662 
109.882 87.3147 40.1167 
104.222 86.0806 42.7178 
94.3792 100.261 38.6523 
97.613 92.2514 36.5088 
102.473 84.7191 36.3425 
102.673 89.8565 35.904 
100.067 94.2361 35.1679 
100.716 94.1092 38.2567 
103.767 90.8544 35.7706 
99.1751 87.66 41.1433 
102.232 89.7861 34.7188 
104.586 91.075 40.3013 
97.5082 88.5335 41.1563 
103.095 89.1633 36.6696 
99.5147 92.4718 38.4761 
96.5188 93.0428 34.5761 
96.2201 94.56 34.1613 
102.093 92.4527 40.422 
97.506 91.0741 37.1023 
99.6833 93.4034 37.1374 
99.6616 93.9298 40.0255 
99.7013 92.1768 41.1295 
100.049 96.2614 41.3823 
97.0665 87.0679 38.2634 
92.5484 96.6127 33.4714 
104.657 86.657 41.197 
101.552 89.142 42.7398 
97.6317 92.6869 35.6729 
96.6046 86.5981 37.7718 
98.5793 85.0671 34.7448 
96.7049 87.9602 38.0829 
99.0326 87.5588 37.4792 
95.7341 92.0718 34.9772 
101.634 88.8175 40.6058 
101.211 88.7794 40.5686 
95.1253 96.3939 35.0362 
102.968 88.6204 36.7734 
92.5622 96.7819 39.6153 
91.7111 98.0953 36.1517 
88.4628 99.1507 36.3877 
81.7563 94.142 41.067 
82.9162 94.4373 41.1239 
90.1089 95.0469 34.2438 
88.4076 96.3576 38.032 
91.8038 95.1458 33.2728 
89.2642 93.3456 39.5424 
89.3627 95.7557 39.5476 
93.4062 98.0724 38.8376 
98.36 93.1319 33.8192 
85.9058 96.8548 36.5676 
85.161 100.414 36.7817 
85.9128 97.7487 32.9471 
85.8157 100.885 33.9786 
86.6735 98.0638 32.9748 
87.4357 92.0437 34.6924 
85.9128 97.7487 32.9471 
89.9937 93.9723 37.153 
87.3654 95.401 40.4125 
89.0234 92.7458 38.0506 
87.1851 93.7969 38.7924 
94.2174 96.2861 37.0255 
94.3367 97.7778 35.6117 
91.0353 97.1429 38.5808 
86.8479 92.7818 40.545 
89.4062 88.9907 41.3339 
85.982 91.0072 39.1027 
88.8126 95.4576 43.3084 
92.4315 97.9873 36.9778 
94.8462 93.2755 33.678 
100.085 91.961 33.6126 
104.194 90.2167 38.0885 
100.733 84.8601 38.7908 
103.649 88.4431 40.2515 
99.7899 93.7541 40.3336 
100.71 89.355 37.1558 
94.3934 83.9756 35.3335 
95.0486 80.2309 40.0674 
97.7683 78.9196 34.7094 
93.2154 82.7863 39.1255 
97.4105 84.835 41.7081 
94.9632 79.1942 37.269 
97.599 78.7001 38.7022 
96.2497 81.933 38.9986 
95.0919 84.6745 35.5477 
98.941 82.3946 37.1397 
96.8096 82.5496 37.9438 
97.1591 78.8203 38.283 
101.305 79.6921 41.899 
103.391 78.1315 40.3902 
102.916 76.001 38.3221 
95.7268 76.249 36.3248 
97.3657 79.3113 36.4004 
97.4138 80.3999 40.7503 
105.4 77.4006 39.4944 
100.895 82.2821 38.7177 
100.83 81.8037 37.2859 
105.121 78.0788 38.601 
100.114 80.1441 38.06 
106.024 81.0977 33.2678 
96.0164 79.7028 38.7379 
