0 1 
0 3 
1 2 
1 330 
4 0 
5 4 
6 5 
6 7 
7 8 
8 9 
9 31 
10 6 
10 53 
11 10 
12 11 
12 13 
12 14 
12 15 
12 57 
16 17 
16 28 
16 48 
18 19 
18 20 
21 18 
21 12 
21 22 
23 21 
23 49 
24 23 
24 25 
24 26 
24 38 
26 27 
28 24 
28 29 
29 30 
32 33 
32 34 
34 35 
36 37 
36 32 
39 36 
40 39 
40 41 
41 42 
43 40 
43 44 
43 46 
43 47 
44 45 
48 43 
48 50 
51 52 
52 58 
54 55 
55 59 
56 54 
58 16 
59 51 
60 61 
61 63 
62 61 
63 64 
64 65 
65 66 
66 70 
67 66 
68 66 
69 66 
70 71 
71 72 
72 73 
73 75 
74 73 
75 76 
76 104 
77 78 
78 79 
79 81 
80 79 
81 82 
82 83 
83 85 
84 83 
85 86 
86 87 
87 88 
88 89 
89 90 
90 92 
91 90 
92 93 
93 94 
94 95 
95 96 
96 98 
97 96 
98 99 
99 101 
100 101 
101 105 
102 95 
103 101 
104 77 
105 106 
106 107 
107 108 
108 109 
109 110 
110 111 
111 112 
112 113 
113 114 
114 115 
115 168 
116 117 
117 120 
118 111 
119 117 
120 121 
121 122 
122 123 
123 124 
124 125 
125 127 
126 125 
127 129 
128 127 
129 130 
130 131 
131 132 
132 202 
133 134 
134 135 
135 137 
136 135 
137 138 
138 139 
139 214 
140 141 
141 142 
142 143 
143 144 
144 145 
145 146 
146 147 
147 148 
148 155 
149 148 
150 151 
151 152 
152 153 
153 154 
154 156 
155 150 
156 157 
157 159 
158 159 
159 161 
160 161 
161 162 
162 166 
163 162 
164 162 
165 162 
166 167 
167 169 
168 116 
169 170 
170 171 
171 172 
172 226 
173 174 
174 175 
175 176 
176 177 
177 179 
178 150 
179 180 
180 181 
181 182 
182 184 
183 182 
184 186 
185 184 
186 187 
187 190 
188 187 
189 187 
190 209 
191 192 
192 193 
193 194 
194 196 
195 194 
196 197 
197 198 
198 199 
199 200 
200 201 
201 203 
202 133 
203 204 
204 205 
205 206 
206 207 
207 208 
208 211 
209 210 
210 191 
211 213 
212 184 
213 215 
214 140 
215 216 
216 217 
217 218 
218 219 
219 220 
220 221 
221 222 
222 223 
223 224 
224 225 
225 227 
226 173 
227 228 
228 229 
229 234 
230 229 
231 229 
232 229 
233 234 
234 236 
235 234 
236 238 
237 225 
238 240 
239 238 
240 244 
241 240 
242 243 
243 240 
244 245 
245 246 
246 247 
247 248 
248 252 
249 246 
250 251 
251 248 
252 253 
253 254 
254 255 
255 257 
256 137 
257 258 
258 259 
259 260 
260 261 
261 262 
262 263 
263 264 
264 265 
265 266 
266 267 
267 269 
268 267 
269 270 
270 271 
271 274 
272 273 
273 274 
274 275 
275 277 
276 66 
277 278 
278 279 
279 280 
280 281 
281 282 
282 283 
283 284 
284 285 
285 286 
286 287 
287 288 
288 289 
289 290 
290 291 
291 292 
292 293 
293 294 
294 295 
295 296 
296 297 
297 298 
298 300 
299 253 
300 301 
301 303 
302 301 
303 304 
304 305 
305 308 
306 305 
307 305 
308 309 
309 310 
310 311 
311 312 
312 326 
313 314 
314 315 
315 316 
316 317 
317 318 
318 319 
319 320 
320 321 
321 322 
322 325 
323 322 
324 322 
325 312 
326 327 
327 328 
328 329 
329 330 
330 332 
331 330 
332 333 
333 336 
334 333 
335 333 
336 337 
337 339 
338 330 
339 340 
340 341 
341 343 
342 79 
343 345 
344 343 
345 347 
346 345 
347 348 
