99.4206 89.8453 39.4629 -0.29381 0.800369 -0.453984 -0.258811 
100.596 89.0428 39.504 -0.095297 0.851914 -0.436067 -0.273872 
102.314 86.7823 39.9244 0.19591 0.792564 -0.522058 -0.246815 
104.117 83.1685 40.6479 0.477244 0.545834 -0.668083 -0.167237 
101.185 81.3583 39.9505 -0.198033 -0.457149 0.807207 0.316569 
91.6751 84.3381 38.2269 0.589964 -0.292342 0.655363 0.370106 
89.742 86.0823 40.0236 -0.733381 0.18172 -0.583241 -0.298261 
89.6667 86.253 40.2599 -0.75859 0.17871 -0.545339 -0.308561 
89.0467 88.7787 43.8798 0.837564 -0.16952 -0.270395 0.443436 

