100.29 78.3031 39.3944 
93.346 82.5346 39.0314 
94.4956 84.2062 38.8731 
99.8405 82.4392 40.5526 
103.908 76.4525 38.6511 
105.028 82.3604 37.2382 
103.355 78.9335 38.9029 
96.7546 84.3893 35.5466 
96.6903 83.0487 35.5012 
95.6627 85.7044 35.6663 
107.964 82.3929 33.7748 
101.882 77.9557 40.8466 
106.668 82.2957 35.1348 
103.783 86.2874 38.9308 
103.212 80.6719 33.8107 
107.387 81.1277 32.7986 
104.94 76.9352 41.0972 
106.138 76.0541 40.4509 
103.905 80.1622 33.3416 
100.254 81.4723 33.3134 
104.2 83.8824 36.1097 
99.7416 79.8519 34.1229 
99.876 76.2129 38.0174 
105.04 83.2366 37.791 
101.503 79.8788 42.0928 
105.422 77.3572 38.59 
108.779 79.9644 42.7002 
105.177 82.116 42.8238 
104.79 77.5689 39.3213 
103.862 78.8064 37.2076 
102.384 82.3726 39.9486 
95.9036 86.9801 35.4463 
97.2783 91.3144 32.7858 
101.217 94.0786 33.7718 
94.5235 91.8124 32.9127 
89.8446 91.864 32.976 
103.512 84.2164 36.2951 
105.885 86.4784 34.6639 
106.726 82.8378 40.7597 
105.168 78.9853 37.6792 
103.235 85.1255 35.9516 
107.809 86.6783 36.1221 
108.537 86.04 35.8141 
105.105 84.3858 34.7175 
108.877 88.5443 38.302 
108.161 85.19 38.3955 
103.081 82.5526 39.6633 
99.6957 78.7181 36.1202 
101.881 80.2504 36.1101 
106.735 84.4269 34.4439 
104.762 86.7607 39.3286 
104.333 84.1602 38.6371 
105.807 78.905 40.5134 
104.639 79.6747 40.383 
104.149 86.8468 39.552 
107.014 88.5143 43.1447 
99.4206 89.8453 39.4629 
102.808 86.55 39.468 
101.077 78.7453 38.0006 
104.137 82.4695 40.7678 
82.7489 81.6179 32.7325 
77.2429 81.1923 32.9372 
78.0076 85.0438 33.4507 
76.1285 84.6279 33.79 
77.2909 82.6709 37.547 
83.7982 78.0841 35.0634 
77.2753 84.5242 35.2971 
77.4366 79.8872 35.7772 
78.3731 88.9318 32.5277 
82.4036 88.3802 40.0194 
84.2924 82.6 40.6995 
82.0154 81.2878 42.965 
83.7325 80.631 36.8514 
88.066 84.9911 36.3107 
93.2933 86.6854 34.2699 
86.2325 78.4938 32.1703 
79.6636 84.8535 38.2014 
82.4212 78.9825 33.4992 
78.8938 85.4929 32.2011 
78.7033 84.1936 33.5201 
85.5879 85.9862 40.0579 
77.2819 78.0068 35.9979 
84.3024 84.6084 34.687 
84.4773 89.9235 35.6771 
85.4946 92.3812 38.6348 
90.5803 92.0738 42.0317 
89.0955 95.0151 43.6394 
87.3494 95.266 42.3555 
84.9282 101.61 43.069 
81.7879 106.169 39.0927 
88.3568 109.406 42.0808 
85.0855 111.041 35.9003 
85.533 115.757 35.0292 
89.1538 109.755 35.626 
92.465 111.694 37.5949 
99.1286 118.35 41.7711 
96.538 118.175 35.152 
97.2592 118.842 35.6671 
99.0386 112.031 40.2462 
97.5615 116.666 35.7866 
98.8227 113.544 34.5906 
99.1033 120.414 40.6835 
99.4082 114.155 34.7771 
99.9039 118.807 38.4405 
75.4529 78.042 32.3298 
100.745 113.374 36.3249 
106.154 116.335 43.1338 
107.165 114.533 38.2166 
103.783 107.513 36.1535 
98.1479 109.361 36.0363 
98.7473 111.876 33.5971 
101.09 117.986 32.5859 
98.7461 120.881 35.1885 
104.458 121.113 38.1394 
102.738 120.954 42.1736 
100.349 118.798 38.6017 
108.312 122.725 33.608 
113.66 123.46 39.6207 
107.076 124.398 33.5005 
116.975 124.35 35.151 
109.356 123.094 41.378 
111.414 120.967 40.5473 
115.57 122.707 34.8364 
116.937 116.21 33.9081 
112.013 109.538 34.8985 
113.167 113.036 39.3752 
119.086 116.649 35.0681 
117.303 120.258 39.3953 
124.137 117.95 38.4723 
119.97 119.528 42.9314 
120.177 120.154 39.01 
114.023 113.587 36.756 
111.259 120.711 36.3759 
106.549 120.837 43.5353 
109.757 115.401 36.3053 
111.247 115.236 41.8099 
109.57 110.791 42.3937 
113.933 110.512 42.4654 
114.494 110.18 38.9655 
114.463 112.995 43.3241 
123.111 122.161 43.2186 
119.298 120.412 38.2992 
113.742 115.394 37.6449 
112.765 116.084 42.9055 
116.271 109.937 35.9187 
119.235 110.405 34.5998 
124.088 105.226 39.9621 
123.106 111.206 37.2661 
120.932 107.697 32.8027 
121.478 101.683 35.176 
120.509 101.703 32.7565 
118.665 108.095 33.5426 
122.571 106.276 33.8252 
116.895 106.514 34.7521 
116.871 107.717 32.6348 
120.531 107.542 36.9711 
115.182 114.618 35.4862 
110.872 112.635 37.8548 
119.749 100.485 38.1901 
113.395 106.941 36.6572 
115.839 102.561 37.6159 
120.142 99.6864 43.1565 
120.894 100.328 41.7364 
116.359 106.103 43.2485 
115.389 103.938 42.7384 
120.898 104.409 37.6061 
120.137 104.122 38.3394 
117.75 98.1613 35.5268 
107.646 123.59 40.2528 
120.022 102.283 34.9937 
112.911 102.814 42.2534 
107.93 108.698 37.6333 
100.803 114.357 32.3502 
97.9198 116.148 34.9447 
96.4695 112.535 35.0218 
94.5281 105.79 32.1274 
100.364 107.191 38.3974 
107.534 106.649 34.6149 
114.236 98.5673 32.4835 
105.04 100.257 32.2353 
98.661 96.5867 38.2816 
93.4408 97.6282 43.2679 
98.3652 90.4958 40.4543 
99.6884 90.9513 40.2642 
102.244 83.896 43.2989 
99.3118 82.3334 38.2377 
107.934 78.3856 37.8195 
103.269 78.0016 34.8836 
99.702 75.5658 39.3645 
101.117 83.8071 39.0168 
96.5122 75.4333 40.7503 
83.9354 75.5111 38.2895 
90.5239 78.2516 33.7896 
89.9679 81.647 36.7948 
89.9918 80.0678 39.3283 
88.6736 83.2056 40.7191 
85.0345 75.4224 41.8225 
80.6957 81.7877 36.0577 
84.0223 88.8894 40.4153 
77.2446 93.8731 34.6334 
81.4521 87.8378 38.8143 
85.91 94.0019 36.3109 
112.743 122.019 42.2626 
85.4068 96.8437 33.2386 
87.1869 92.5116 34.5768 
85.0458 86.9435 36.8561 
87.5216 93.7193 36.8657 
83.6279 94.6976 41.0524 
79.5063 101.554 39.7103 
91.7614 75.6176 39.2466 
89.0903 79.6048 38.1916 
83.8356 101.414 33.3027 
98.4618 77.1611 39.6859 
79.3408 103.983 32.9024 
120.653 116.879 41.9047 
86.2126 103.477 34.2275 
84.1485 100.36 34.4705 
88.6963 104.632 38.9663 
95.9457 107.634 32.6161 
102.895 106.852 33.8677 
105.82 102.156 33.6929 
111.702 98.2365 34.7511 
117.273 101.258 37.4836 
114.407 95.8804 43.8074 
114.299 90.7566 39.3858 
110.16 96.6612 40.4844 
104.053 120.586 34.9972 
110.223 91.2012 37.5269 
106.144 94.1326 40.7322 
103.056 97.6181 35.8986 
110.07 101.171 38.9219 
105.937 101.188 36.2635 
107.509 101.331 38.2889 
100.506 93.6443 39.4803 
107.584 97.0032 42.371 
108.016 95.5383 38.9276 
110.985 102.663 43.0164 
108.248 95.6368 42.3005 
106.088 97.3879 42.4494 
107.251 100.733 36.4632 
109.398 94.4314 38.8509 
105.363 95.8356 38.356 
109.049 100.793 41.0234 
106.373 99.8454 41.083 
105.276 97.7983 38.4645 
111.892 101.062 38.0633 
108.063 94.7544 33.4093 
107.773 97.9923 36.1629 
109.018 91.0275 32.6774 
108.172 97.2397 36.7208 
100.303 86.2897 33.537 
104.262 85.4851 33.7574 
108.869 88.256 37.0795 
109.02 85.7674 36.2808 
111.347 88.6304 42.7159 
117.582 95.1284 39.1156 
111.993 112.36 37.767 
120.903 99.1682 37.9344 
115.98 104.521 43.5128 
116.354 110.601 43.5959 
121.886 117.46 38.5038 
123.816 115.903 37.9603 
118.432 112.183 40.4827 
116.905 108.356 39.4885 
121.615 108.758 38.1613 
119.075 106.268 35.6867 
119.311 102.188 42.6673 
119.285 98.9178 36.7355 
113.328 99.3269 37.0963 
116.59 103.964 38.015 
112.212 100.046 32.1428 
108.775 95.0275 35.137 
121.567 91.7094 32.0906 
120.08 89.485 32.301 
115.42 93.3204 32.8351 
113.082 94.6569 36.917 
80.8704 83.2474 33.6307 
113.941 92.2698 35.2893 
112.407 85.7054 34.5612 
118.529 91.0017 33.9232 
117.684 90.1629 37.892 
115.364 91.9204 38.042 
116.564 87.0163 32.3254 
116.911 83.4329 33.4112 
122.649 81.3939 38.8703 
118.699 79.3219 41.6518 
121.236 80.6101 42.7722 
115.594 78.4311 41.2299 
121.637 82.0525 40.2215 
122.909 81.3107 33.5793 
123.471 83.3315 35.8048 
116.236 89.2587 33.7733 
122.741 92.5402 35.9159 
118.069 87.02 34.9336 
118.748 84.6708 33.7144 
113.574 89.4705 32.7652 
115.637 88.052 36.6655 
115.072 92.0036 42.2157 
111.424 94.95 37.6123 
115.505 89.653 42.5725 
104.918 91.7465 42.8184 
109.155 91.4684 38.1695 
104.053 94.6195 35.6242 
102.22 91.0277 35.8728 
99.7164 93.6531 40.9908 
100.709 88.0214 38.4142 
95.0361 82.6945 39.5647 
104.561 80.7668 39.22 
102.479 85.1219 40.4542 
106.41 80.9548 39.642 
101.497 77.0408 38.8701 
99.2428 81.851 42.2649 
98.12 81.6376 41.9216 
104.136 90.6749 41.5488 
99.6268 91.327 39.2204 
103.137 87.7499 43.665 
103.13 93.3845 38.7756 
100.981 86.8706 37.6267 
101.331 90.6952 34.7871 
101.208 85.2082 36.299 
103.34 86.4602 36.1139 
98.8265 87.6522 36.282 
95.5113 80.6602 35.5492 
91.1586 82.1442 40.4278 
99.1002 86.3771 39.6158 
95.6858 85.5157 39.3196 
98.7517 84.459 38.7147 
99.8995 81.8029 36.8504 
95.6831 77.7362 37.6727 
98.6495 79.3604 35.5108 
94.4956 84.2062 38.8731 
91.7596 84.8622 39.7952 
91.1566 82.8246 40.4922 
93.3478 83.2907 36.7537 
86.5704 89.2354 38.6839 
91.8032 85.2594 41.394 
87.7074 86.3895 39.9734 
90.0647 89.4412 38.9707 
88.3831 86.2888 39.8293 
86.326 90.7837 38.159 
85.7694 86.5864 39.4912 
90.8713 82.2835 38.1337 
84.2832 90.7135 36.2236 
90.8341 85.0307 40.6697 
94.4091 84.9461 34.8201 
90.5138 85.4744 38.6438 
93.7152 82.8199 34.9162 
87.1133 91.3708 38.7252 
89.0467 88.7787 43.8798 
